4294967294,0
4294967279,368
4294967279,251
4294967278,311
4294967279,306
4294967278,247
4294967279,242
4294967278,306
4294967278,365
4294967294,81
4294967278,364
4294967279,223
4294967278,220
4294967279,218
4294967278,324
4294967279,410
4294967278,208
4294967279,207
4294967279,297
4294967278,363
4294967279,358
4294967279,380
4294967279,392
4294967278,196
4294967279,196
4294967278,195
4294967279,355
4294967278,548
4294967279,377
4294967279,428
4294967278,337
4294967278,184
4294967279,184
4294967278,297
4294967279,427
4294967279,384
4294967278,362
4294967278,361
4294967278,260
4294967278,534
4294967279,155
4294967278,518
4294967279,426
4294967278,288
4294967278,541
4294967278,360
4294967278,530
4294967278,285
4294967278,359
4294967279,395
4294967278,332
4294967279,425
4294967278,268
4294967279,424
4294967279,260
4294967278,358
4294967279,265
4294967279,254
4294967279,311
4294967278,101
4294967278,100
4294967278,99
4294967278,98
4294967278,97
4294967278,96
4294967278,92
4294967278,91
4294967278,90
4294967278,89
4294967278,87
4294967278,86
4294967278,82
4294967278,81
4294967278,80
4294967278,79
4294967278,78
4294967278,77
4294967278,336
4294967278,326
4294967278,330
4294967278,325
4294967278,253
4294967278,120
4294967278,119
4294967278,118
4294967278,117
4294967278,116
4294967278,111
4294967278,110
4294967278,109
4294967278,108
4294967278,107
4294967278,106
4294967279,366
4294967279,365
4294967279,398
4294967278,357
4294967279,308
4294967279,391
4294967279,390
4294967279,423
4294967278,126
4294967278,125
4294967278,124
4294967294,182
4294967294,176
4294967294,173
4294967294,170
4294967294,163
4294967294,190
4294967294,162
4294967294,966
43,4
4294967278,251
4294967279,300
4294967278,250
4294967279,389
4294967294,425
4294967278,239
4294967278,115
4294967278,243
4294967278,356
4294967278,321
4294967278,236
4294967278,328
4294967279,238
64,2
4294967294,1025
4294967294,421
4294967294,97
4294967294,104
4294967294,106
4294967294,166
4294967294,24
4294967294,189
4294967294,184
4294967294,384
4294967294,82
4294967294,185
64,6
64,5
4294967279,422
4294967294,1414
4294967294,51
4294967278,174
4294967278,235
4294967279,234
4294967278,335
4294967279,393
4294967278,231
4294967278,227
4294967278,221
4294967279,220
4294967278,219
4294967279,217
4294967278,216
4294967278,214
4294967279,214
4294967279,383
4294967278,322
4294967279,363
4294967278,355
4294967279,211
4294967278,209
4294967279,209
4294967279,382
4294967278,303
4294967278,206
4294967279,206
4294967278,570
4294967278,354
4294967278,540
4294967278,0
4294967279,379
4294967278,569
4294967278,320
4294967279,296
4294967278,568
4294967279,409
4294967278,552
4294967278,215
4294967279,347
4294967279,0
4294967279,386
4294967279,194
4294967278,193
4294967278,192
4294967279,192
4294967278,191
4294967279,292
4294967279,291
4294967278,567
4294967279,376
4294967279,289
4294967278,566
4294967279,408
4294967278,545
4294967294,417
4294967294,469
4294967294,92
4294967294,88
4294967294,1413
4294967294,83
4294967279,352
4294967278,180
4294967278,179
4294967278,296
4294967278,544
4294967278,524
55,5
47,4
4294967279,172
4294967294,5
4294967278,521
4294967279,407
4294967278,538
4294967279,348
4294967278,166
4294967294,12
4294967279,385
4294967278,536
4294967278,353
4294967294,6
71,5
4294967278,132
4294967278,131
4294967278,130
4294967278,129
4294967278,128
4294967278,127
4294967278,123
4294967278,121
4294967278,114
4294967278,113
4294967278,112
4294967278,105
4294967278,104
4294967278,103
4294967278,102
4294967278,95
4294967278,94
4294967278,93
4294967278,85
4294967278,84
4294967278,83
4294967278,76
4294967278,75
4294967278,74
4294967278,73
4294967278,67
4294967278,66
4294967278,65
4294967278,64
4294967278,57
4294967278,56
4294967278,55
4294967278,48
4294967278,47
4294967278,46
4294967279,71
4294967279,70
4294967279,69
4294967279,68
4294967279,67
4294967279,66
4294967279,65
4294967279,64
4294967279,63
4294967279,62
4294967279,61
4294967279,60
4294967279,59
4294967279,58
4294967279,57
4294967279,56
4294967279,55
4294967279,54
4294967279,53
4294967279,52
4294967279,51
4294967279,50
4294967279,49
4294967279,48
4294967279,47
4294967279,46
4294967279,45
4294967279,44
4294967279,43
4294967279,42
4294967279,41
4294967279,40
4294967279,39
4294967279,38
4294967279,37
4294967279,36
4294967279,35
4294967279,34
4294967279,33
4294967279,32
4294967279,31
4294967279,30
4294967279,29
4294967279,28
4294967279,27
4294967279,26
4294967279,25
4294967279,24
4294967279,23
4294967279,22
4294967279,21
4294967279,20
4294967279,19
4294967279,18
4294967279,17
4294967279,16
4294967279,15
4294967279,14
4294967279,13
4294967279,12
4294967279,11
4294967279,10
4294967279,9
4294967279,8
4294967279,7
4294967279,6
4294967279,5
4294967279,4
4294967278,293
4294967279,325
4294967278,160
4294967278,159
4294967279,159
4294967278,157
4294967279,157
4294967278,156
4294967279,406
4294967279,154
4294967278,276
4294967279,341
4294967278,517
4294967278,151
4294967278,289
4294967279,149
4294967278,149
4294967279,147
4294967278,352
4294967279,421
4294967278,144
4294967279,143
4294967278,331
4294967278,142
64,4
55,4
4294967279,420
4294967278,529
4294967278,512
4294967278,274
4294967278,136
4294967278,351
4294967279,135
4294967278,135
71,4
4294967279,133
4294967278,133
94,7
94,6
4294967279,271
94,5
4294967278,318
94,4
4294967279,370
